COPYRI

The 11111111111111111111111111111 811111 (1111
1111 making 11111111111111 11· 111111· 1111111111
1111111111 1111 1111111111 1111111 11111111 11111 1111 11111111
111 1111111111 1111 1111 1111111111 111111111111111.
conveni 11,1 11111111111111111111111,1111111111

11111111111111 1111111111111 1111111111 1111111 11 ¹
111111111111111 1111111111 11111111111 11· 111111· 1·
1111111111 11 1111111111111111111 11· 1111111111
11111111 11 11111 111111111111111 1 11,1111 1111111111111
1111111111,111111111111 1,111111111111111
”111 11 1111,’1 ’11111 1111111111111 11111111111111111

111111111111111111111111111111111 111111111111111111 11
1111111111, 1111111111111111 111 111111 1111· 11111111111

 

